dk 4
-7 1001
7 0111
-3 1101
0 0000
6 0110
3 0011
-2 1110
-2 1110
-7 1001
-5 1011
2 0010
4 0100
4 0100
-4 1100
-4 1100
-4 1100
0 0000
6 0110
-6 1010
-3 1101
2 0010
-6 1010
-1 1111
-2 1110
-2 1110
-3 1101
2 0010
7 0111
-6 1010
0 0000
2 0010
2 0010
-2 1110
-6 1010
4 0100
-6 1010
4 0100
3 0011
4 0100
-3 1101
-4 1100
1 0001
-3 1101
3 0011
-4 1100
-1 1111
6 0110
1 0001
1 0001
7 0111
2 0010
3 0011
-2 1110
0 0000
5 0101
5 0101
-4 1100
-7 1001
-4 1100
0 0000
2 0010
-6 1010
-6 1010
-3 1101
-5 1011
4 0100
-7 1001
1 0001
-6 1010
-7 1001
-5 1011
5 0101
-5 1011
-6 1010
-7 1001
0 0000
1 0001
5 0101
2 0010
-3 1101
2 0010
-4 1100
0 0000
1 0001
-7 1001
0 0000
0 0000
7 0111
5 0101
3 0011
-5 1011
-4 1100
0 0000
-3 1101
-1 1111
-5 1011
-1 1111
-2 1110
7 0111
-6 1010
